100
0 48.187372071103454 11.520829719135302 60.818095621347354 58.75701811262097 48.35749783473637 16.936252159928326 50.52318937273558 59.78781488384937 45.31674945033481 16.75489475959407 35.37189376975332 36.693443222460424 8.845337086575453 47.1718629528916 25.47387005238955 6.171855685696237 1.8880993641922694 25.53888538847942 36.512372352878984 62.722102039743035 19.965792416939365 61.662090402224926 38.90507715921579 56.657312396787674 56.851925424983705 47.908699656814875 64.13296121853533 44.49927978894544 13.46746882765289 31.458494655688675 41.6289607919939 61.86842339785282 35.270676213519664 26.186506568587873 35.74646079854825 22.95223587514608 9.55893998942304 37.17179997298131 64.82659023900221 23.13843569883477 52.99475509714057 36.73003043006996 40.34669094862837 45.60281608539484 39.26917866959714 19.217456199382813 45.047254802676036 33.916685197157726 5.744617571276396 44.507002579405544 54.72825731183315 43.833174554992766 47.92496944194097 37.0460521693732 43.965283065743876 24.881104158107718 43.70674878000777 31.253709704264583 53.916844307671 40.21103626614608 19.09798126506572 37.72390635436352 32.072702273873006 14.329942050443112 20.63851689670615 62.3615519665024 62.14937021471193 46.6033792549233 28.772697105841463 46.898826948691585 42.39794965460209 32.19228542609852 51.614769778416914 8.709839598962565 30.36870022143006 65.67679421819459 22.81425170681655 62.993357548756556 23.526531159165987 54.83320951824656 29.602232701847296 42.2740357757162 67.20079902927482 53.48262908795909 22.57312080132553 36.49338249008507 64.11147144165228 37.89792735336135 32.42471142740833 37.008995740026435 9.53205210209942 43.60107399937821 46.743642609344775 27.16718013406116 70.09278184145762 58.864332770460344 66.34647838478858 61.65421688809415 25.369200968558353
48.187372071103454 0 57.20547093955326 73.6281033097257 84.04387801926013 86.82872770995424 37.0414276230849 19.22928624950357 104.75783683914062 22.702154179833148 61.025856159955985 15.160505726688026 75.01782662467501 56.86703642924284 36.16809902913138 24.337366049170047 43.845013549674285 49.74793918071396 25.63138381094279 42.51386707312986 102.29264440665936 41.84159471511851 94.85694816374499 86.74980316296192 77.9243894562041 54.024617649551644 8.414702232329761 106.69587056875756 11.39127024396149 57.376634064896976 78.37204467134599 52.42198407754572 92.16120104823209 51.530052522500455 74.18228907011704 83.74929087536705 25.245751017046253 39.59653102932602 85.33752420257304 61.55865023043542 26.3412886299707 93.7236236585654 14.091007768593595 49.51888749274551 22.665881301934515 23.154661044003593 66.3473739643563 85.32436538253225 15.537952069836834 51.47846692243087 21.493641940901774 56.959434538505185 17.752204658835705 95.2330837918504 17.86468387840816 79.7014471644026 33.56444167457115 11.325709642178785 61.622135601395 96.81264893583587 40.74662947766331 59.2715601214637 28.631384602062635 19.966381027390785 43.3073631216269 28.07003361216127 107.95428974904776 95.61031337035963 8.476064214881665 76.5484257918755 76.07084043851007 61.47010245207074 21.189280665830964 24.571882837603738 46.15640556127987 72.8392937627727 110.07929932685037 47.855814104307065 61.061111197696164 58.14224833513384 102.59135066863871 51.5117948979097 35.86022323828166 67.07459270024862 26.509958960339322 40.325900344394505 76.5841447639103 107.52247802643305 83.24218710752265 24.1698358986816 83.58207124973134 57.55446259841719 22.416180387793034 93.65605255472961 63.714025046935895 62.90671311880656 91.42823414417632 106.40562191992053 104.96194908579257 62.07027656996159
11.520829719135302 57.20547093955326 0 69.8582380575694 65.19175232392435 50.567288480775666 28.453572037654865 56.38834656311954 57.041987127053325 50.355410849417126 20.097491395359565 45.60959919336835 40.1285087567704 9.645729478227038 58.68708504422666 36.03830654522998 17.692684052919137 9.652993829948908 36.43016101869517 36.15086800170412 51.22492326775482 20.817516963412878 65.34718598960592 29.815453162969323 64.23754731254299 67.86624954489149 57.95438647884905 63.03348828552439 54.84459797863774 2.918010449161392 28.278315722219904 52.05093178121494 66.59141838889576 31.74014068444425 17.83186763059016 29.730488109664204 32.26535532476716 17.714955178673943 30.176928742327608 75.66559367136324 31.011361150371098 41.48085298719308 44.52157366809976 51.03593587833201 56.81875737047335 44.37696402714026 17.76632328448072 46.52460664405012 42.093078583734446 6.1656370729371455 49.810510269807565 65.40111184466275 49.94426926365075 38.02781163318567 43.71751582375639 47.87299628016927 28.59643402557589 54.0282688898352 38.75809175245297 53.07784845476404 40.54509811404763 24.85859527204235 49.194022301276256 39.15301196856075 25.490540440389566 29.13893463947064 58.95254694096663 65.70476198668271 54.36989614096759 24.05544711667283 53.02107777382728 51.46762938536105 43.07701683738699 56.460504985840316 11.269531933842357 18.867856771493656 63.18744516884667 33.08589930363312 73.77086497423049 30.899923374159396 48.7853399987787 39.46993614621792 44.06631204880649 77.69995728627867 58.04765920606691 33.87356324189638 25.155657150829303 62.42770146564555 26.78640565834482 38.0435795078881 33.8153052586117 5.925392466270348 54.81577165041304 36.49617252378272 32.95764293225762 81.10594777428042 62.94957425955421 66.65973077531068 60.14440450749419 31.442190925954673
60.818095621347354 73.6281033097257 69.8582380575694 0 19.871051445844795 42.51649401466688 49.886692017006254 89.38552157044454 67.15268396845372 88.42229114731096 51.63059496368432 60.684516943567786 40.026927483610315 60.50449870449556 38.73870611636945 57.25022496476339 56.34513423756452 62.06720701638978 54.86608455260781 92.48348534024866 116.7265660509524 77.83735739330014 36.62618758273302 80.77591354407056 12.52465049014767 23.65876784416971 66.30354485995635 61.66264160104339 62.41394757374416 72.63782493385074 60.747129437411104 22.377800535085203 30.757365279684887 94.53519641176888 71.9815771985398 69.56403783725051 63.25475378392683 64.34479622567571 73.06527103950464 22.266334687746177 68.06614497833054 107.04985318809892 73.90443199505924 25.061856916994632 51.99400472346503 84.10498175953344 58.29111376898794 45.640950083971916 71.09163481425482 66.01610356520571 87.06851353347801 18.361204155704588 84.04641591669504 90.11801371053006 78.08026950271793 35.782412294379164 77.79284196331967 62.35523372904224 31.788796562574568 56.60821334790818 94.64132349245524 45.88551123952085 45.09845942406036 74.14046309513301 47.86859152078184 65.54720917572183 71.35507298851051 37.4625571907426 79.28812718301161 64.32478000677509 24.77832708688043 18.445251220569936 54.8321578571111 93.55152623300276 68.84109959647097 86.5790540627552 68.904142370067 38.41933522626588 20.637663318451295 39.273480352612836 78.54377103328652 31.44665136184348 93.8575619769464 18.175828224419185 95.82116391291588 42.17831811539462 93.54042027441372 64.38590104755218 88.43136833889147 78.47970919548429 61.46053285442447 64.33770330846762 51.646546639851834 90.8714511601454 39.08571902530112 27.798582903722636 33.87768108657683 55.82419906777452 62.4577441250587 39.957047363945925
58.75701811262097 84.04387801926013 65.19175232392435 19.871051445844795 0 25.302264237015713 53.08319936269329 97.20846364765738 48.82230172938235 94.88299717635343 45.192655284559024 69.57915100773376 27.559536242972143 55.56504872123536 52.81080424368836 63.56053868368065 55.98029450521287 59.481795390823784 61.34177596125568 94.09628723299743 106.63759015521156 78.060281904215 16.758846353756706 68.79131354634194 7.8147046388319845 41.3827910268671 77.80500008251278 42.372836611002946 73.57680678130038 68.10864130138363 48.64799752753023 32.316631734209246 10.951729320990172 94.00863188273357 62.40445122067226 56.882209509866804 68.19676754862316 64.90560571231302 60.39620738917881 41.76744651237843 72.31626862292234 97.38608495652561 81.12263988228142 35.14753198383586 64.63593878631183 89.76550173756425 50.04063808294077 29.391185921568347 78.02444656536603 62.92663992292659 93.62923117222547 35.556394168065495 91.15396325070952 77.33429270670185 84.51910052104758 20.781300766074907 80.22713149463216 73.31765287867601 27.63704841824042 38.55541925385317 97.07529599066427 40.435591253962436 55.895338261344776 79.92797513367368 48.91865078508689 69.45553687800027 52.96268013386218 17.592539784185178 88.23275611180442 53.19097167010776 12.193263207272798 22.583016764220577 63.378208949838005 100.6345472655323 67.43289049269666 79.18045709460867 49.874432149451515 39.99094872414015 39.955520820257966 35.23098272269701 62.24867017112252 33.983705468323095 97.52313870332489 38.03658900691047 102.87534181377725 46.32730448506776 86.1255347385943 45.25549664390361 78.48877701712922 83.37230433337595 47.79488021607592 59.281810217840075 63.7744846529225 78.5992688395736 32.24471995683275 47.55992904976959 14.13522601882514 36.09144214467625 43.51926498655242 33.83211288973721
48.35749783473637 86.82872770995424 50.567288480775666 42.51649401466688 25.302264237015713 0 50.51094813424193 95.61339890788217 24.817989335344517 91.63528712022536 31.735257378224347 71.67175670852824 12.124783354693193 41.9426731112518 63.6707101028119 63.10496720614473 48.27056772040717 48.286760827885765 61.420192865017256 84.73711459269911 84.19786646605459 68.18977187008251 15.944811840556618 45.717649424534294 30.423237230825663 58.42379901630612 82.5627158237332 21.484205314713417 78.24750391446392 53.33330876043327 26.762230182867082 43.45169846740368 19.657876366278725 82.0459546713796 42.13899853839551 33.70941938895752 65.37989313351277 56.94389742791783 37.05975000599262 61.67107214301096 68.12693696861857 75.48825380120044 79.88877148915046 45.418403699282884 72.18557054255632 85.82341844422709 32.971966620437485 4.806524907858703 76.6983412528103 50.5796874562981 90.59319537521051 52.82928444475476 89.00094247250865 53.3975865045411 81.98549922633099 8.109824928266413 72.93468404495601 77.74406019639518 25.728057997468206 14.22858764969244 88.55330991381875 29.883291807391387 62.21956220691528 76.94308742752192 44.575728416208044 65.16444418810477 29.022523979510254 16.04040843703346 88.72362932283329 31.96962362932013 18.14449858998375 33.674690782752684 65.78643345049649 97.85957229540718 56.63948568476121 60.18896053469505 27.507119811988673 39.00969112919714 59.589112384556294 28.88722907733983 36.94642155658802 36.63929414330364 90.51934080188241 59.48180191911512 99.93896633495336 46.53993137560511 66.7666136133268 23.457340848483145 56.91585952186758 78.93548862539099 24.22899155334686 44.926479590599236 70.74255054467284 55.008319749719874 23.391594064821554 67.98379926046006 14.78406207404826 19.58336063570796 21.130628393527523 25.181423892223364
16.936252159928326 37.0414276230849 28.453572037654865 49.886692017006254 53.08319936269329 50.51094813424193 0 45.42632544560694 67.74186207021054 42.2006615311286 24.489608764734047 22.24773650351569 38.46835207323523 23.37024089606107 30.294485411905622 12.763258968601487 10.76962370203898 18.81549623423694 11.474769251348336 42.59991280006711 79.60447790172718 28.43083475349674 60.50873572793855 54.183077091956996 48.933879159845546 41.417007911477455 34.447496566324304 69.77556537654337 30.470451851605173 30.243554922217847 42.20363737629101 28.315606336846937 59.0028677134044 45.16020951561738 41.51850686058732 48.664347300827174 15.357459587178825 15.392491398304825 50.836490706830766 49.725324270189404 19.233436762136606 69.90580046457191 29.473229083580332 26.321152109744318 29.34286964877582 36.823014783136415 30.80441261646319 48.59169879393142 26.274875957405534 22.49119288038697 41.02119256443418 40.219493199806976 38.96697305295627 63.65689394573692 32.05119610864874 43.976614339982355 27.968053451421802 29.775511948124933 26.740907073833792 59.81856215859302 44.898290733834436 22.236040242684805 20.874404377457715 27.19380242246938 6.272143818499633 16.382610582637422 70.99977158239156 61.17288384582587 38.2275277260609 41.247607919035076 42.75615264039346 32.55310029107104 17.35552807319352 48.20413317378879 21.770461352361334 47.271527895068274 73.03787214030713 13.11925387019159 48.066553921213455 21.63000223386092 66.75923439539535 19.384049194198855 44.67420328118995 52.86512264175361 50.388321517255406 7.7461434841077 53.24265026698593 70.51761518974737 54.61930605430403 30.307780183370614 47.11946314227982 25.6891553248098 27.369542470194137 62.77378397358397 27.129591453336644 54.51776647506023 57.24612577361277 69.9589975891298 67.95898311855328 25.379822017671874
50.52318937273558 19.22928624950357 56.38834656311954 89.38552157044454 97.20846364765738 95.61339890788217 45.42632544560694 0 110.16555320100353 6.987043261545345 66.2075286436351 28.73094708538835 83.49250309388162 59.248819318094824 53.899604319508214 33.7045305122021 48.23206708136602 51.57075271753083 35.876172716504165 30.028505995302513 94.02798298467052 36.729645689097495 105.88752637505362 85.91046742041893 91.91701896558642 71.69166498687558 27.531910069938817 113.75258706257868 29.662856419499587 55.5771567905653 81.97662521704332 67.28442080065491 104.09432734080373 40.12521444735882 74.21855831400902 85.58919860344993 30.246139870309488 40.966380928594575 86.4322220545259 79.60671267873174 27.826802911158627 86.51638302307198 16.120582124154502 64.46304764331484 40.94313389496371 12.220948665839101 69.74053107854917 93.26410137735166 19.278581511300725 51.82023067425575 6.918479928564419 73.93936441507917 6.7162325740771935 93.13957175132148 13.702710354437723 89.35908007708403 28.06644853469801 29.31400470817531 72.07612467077568 103.56993524357648 26.679769017008706 66.13136674952439 44.68800938212222 18.789392028940252 51.089352984238 30.701974786783897 112.85184202018827 106.56478292847073 11.051333092369028 79.01413198052492 87.78428021271789 75.09760794502574 34.57672779958836 5.398224136637273 45.303305234168775 68.17296011364755 115.94300528675458 58.17364509065656 78.90499972451083 66.89941861975673 104.79750148135885 63.361769390427796 20.791087918573695 84.86981867830066 7.284744159552124 51.12261641196737 70.29327880162653 114.05712012136571 79.64657591023324 18.375136296454983 87.53200437985488 58.669657003980326 40.27077358250578 91.08452466302248 72.2707767966631 81.46457484812709 102.5898987344404 114.81682241828794 111.54347350927677 70.45075654324188
59.78781488384937 104.75783683914062 57.041987127053325 67.15268396845372 48.82230172938235 24.817989335344517 67.74186207021054 110.16555320100353 0 105.10415110623254 44.13367425742536 89.94924443287559 32.43712013838483 51.34965500599499 86.4306496386529 80.42241953268639 62.08914202396074 58.957434221784155 79.20788693023768 93.1902242728259 73.84825520307966 77.51387927428804 34.410128510870386 38.003193224202874 54.8381593395639 82.89089763766643 101.82604401251638 10.244892477800216 97.6487971017692 59.14585420285308 28.850235933282143 67.16968565976902 40.29810492254023 87.94948615617774 41.87822310445716 29.14340279896435 80.91896837779058 69.3176455166294 30.791082100131675 86.44595640138213 82.41552758329053 66.9432289988484 95.51598746339602 68.81422941006959 93.290278637812 99.05681034105392 40.70886533863107 22.84576126857568 92.45599856303375 59.664129628915525 104.28254023629655 77.40473927914368 103.45182021977234 41.591735074518645 96.54009085860609 32.481450801730745 84.2437527047754 97.03445207431982 47.58270845458663 10.590454537601394 97.57765173384853 45.510574406828496 83.24673392632748 91.47867510516942 61.46973219607549 79.63666984653655 4.207920273712624 33.90000017479301 105.08291733906631 33.08291900943226 42.96209086063334 57.93841017506948 84.61624322125489 111.40258131319487 66.40441428678061 58.83675249076584 6.203088927752294 58.7430632546165 84.35312780205572 47.74412242955995 18.324543625428202 58.34485603903218 100.85254284457599 84.29532622791946 113.26157922311269 65.87770769328583 63.97346153133329 7.508586274647822 51.05711441164806 92.20617667962648 23.24928738807881 52.82880387150599 91.64108317017194 44.14327908992475 42.4333229897981 92.77401596067408 35.520542768866214 18.51959543613906 6.972210336845012 43.72626925268226
45.31674945033481 22.702154179833148 50.355410849417126 88.42229114731096 94.88299717635343 91.63528712022536 42.2006615311286 6.987043261545345 105.10415110623254 0 61.461462419955204 28.608667260213718 79.52043817358829 53.8814511096332 54.67656874989563 31.506382718102376 43.64620746826976 46.21120253421294 33.831109093732366 23.100561437740282 87.04176329942288 30.249516794743986 102.62756572563993 79.63380821053588 90.0144473326127 72.16600698728544 30.394710791984448 109.12830258394497 31.648301412503514 49.36743381291786 76.64100703309518 66.09579453974725 101.1986539541924 33.1684006132623 68.17047484373589 79.82452072242148 26.847024572080333 35.795004327237045 80.508550669223 80.3330217563001 23.516036807178917 79.5570911721525 14.631793077884351 63.362821660099264 42.46096672491884 6.061098339802096 64.47540635963243 89.03380782177426 17.331086226715353 46.10596821759255 1.3974317830036544 73.8858139045188 5.120497811653101 86.63982100980631 10.415436898745567 85.7280982649397 21.791581162942748 31.14080151789988 68.9299883515355 98.91441148991241 19.941933885046 61.87590598962355 44.66087264986111 15.01273576083601 47.46223603302625 26.48585150838999 107.64697022526599 103.27179241462188 14.282151754760035 73.43570874037793 84.93178561040317 73.20333178876635 33.84636609889516 6.3050487961255275 39.4609907112465 61.44378021077439 110.97542222190437 55.236636878093016 79.4566774343995 63.238679181685434 99.00806665045296 60.8996852209647 14.212190064891505 85.33332836091962 8.304765090979657 48.55698925160134 63.407812658141786 109.28229958812213 72.99628674925343 12.91241164993452 82.23708375307008 53.01391886234883 41.48574476533964 84.52574962026985 68.4604030877672 82.70496988529716 99.40169663733744 110.59815894214775 106.79418404419792 66.6087014769328
16.75489475959407 61.025856159955985 20.097491395359565 51.63059496368432 45.192655284559024 31.735257378224347 24.489608764734047 66.2075286436351 44.13367425742536 61.461462419955204 0 46.612361915201035 20.433292489375308 10.632590564726138 49.899800289312935 36.76930329653907 17.993417833928323 16.561464782971722 35.84664238203676 53.00252206266952 65.45614092300785 36.45998292607938 45.691320693648365 32.70877800203435 44.73250515770784 54.291031459822726 58.92707802444349 47.66963022328464 54.95835205972089 23.011783562255484 17.751342262492106 37.152718410433394 46.59214149920776 50.63566064996906 21.412177485569188 24.877000395283734 36.79295670865155 25.841377974023413 27.524732845364763 61.14211728099212 38.38866096899652 55.67527470318152 51.382825686367035 37.04752396826082 52.786873475230074 55.472956914306764 7.705520058770026 28.30222060652592 48.324037218665694 18.9656618946877 60.55382928921136 50.626736739447864 59.492735248457535 42.56625818282613 52.529403760722545 28.038493773201516 41.59493924332226 54.26511987982204 19.84925978617749 37.45349863368996 56.85155178152074 5.870910612018959 43.245197887134104 47.44978852489209 18.408584760277044 35.56142631363702 47.09380144970115 46.11000234824693 60.967829146841304 17.521569312201592 33.00218784690319 33.79321756000985 41.833231399927 67.7631035257946 24.904402050055463 35.00078173906616 49.78794319241025 20.05389801063614 59.08039075165624 12.620855365679668 42.332507451949766 24.248470903735804 59.02890339136315 62.05287406253018 69.71854203794648 25.065256491026823 41.98477416092473 47.85954256990697 37.47938976746637 48.56048570567274 22.64654540401447 14.172863941733898 50.90767595818315 42.417250134348535 13.116007798239904 67.13791194576335 43.12353507764603 49.60521035376657 45.35576763659255 11.837386345786514
35.37189376975332 15.160505726688026 45.60959919336835 60.684516943567786 69.57915100773376 71.67175670852824 22.24773650351569 28.73094708538835 89.94924443287559 28.608667260213718 46.612361915201035 0 59.8845841254673 43.63453416829846 26.216254496290087 10.028069808708612 30.272318474758865 37.1094713422818 10.781733699896455 41.02780484045695 94.00232888006262 34.491968090304496 79.85403315673173 74.27396421703934 63.80721180153433 43.560512185409195 12.567267923785279 91.63190337832053 9.243229112817188 46.34724592127747 64.20964785215038 38.72510634004623 77.33440234529118 48.051147165483044 61.54235865681306 70.14875909759769 13.887381297267245 28.040404591858042 72.01393178409978 51.764906851088575 17.503962041952185 84.86118071590971 14.09736098124547 35.86758993931486 15.430298367893666 25.605536009320826 52.44306952238601 70.21249103873517 12.103845362885323 39.54361503293822 27.212697239266905 45.37605531075587 23.81595823711202 83.24079657672917 18.98509209496161 64.54771265055442 28.08192747775473 8.421460619344808 46.487614821454045 81.80425635846699 40.949743939009316 44.44230118090541 16.088844620874468 16.909704029994366 28.508763321268216 17.734960929115122 93.23935713108254 80.59669491785763 18.766355515482754 62.813267344835715 61.15291836263477 47.113443721016544 6.209044755615247 33.1304669493148 35.33418656590166 62.890150065686086 95.17222529679907 32.69579954251546 50.8554078035404 43.02837974523882 88.66191523871268 36.522186911476055 37.77286143639958 56.72479954656588 35.38319843735788 25.167080723268814 67.57873244965558 92.52005862913357 72.31900686118047 22.281514385810635 69.2568457955316 44.903744830245515 13.920649883807606 81.94101271577522 48.59929977057702 54.386664783783374 76.4409093310693 91.25057642496411 89.95854686288718 46.97751135772999
36.693443222460424 75.01782662467501 40.1285087567704 40.026927483610315 27.559536242972143 12.124783354693193 38.46835207323523 83.49250309388162 32.43712013838483 79.52043817358829 20.433292489375308 59.8845841254673 0 30.982175925601634 53.99898036201875 51.12327606355402 36.24734581663602 36.78273426224894 49.501370611259865 73.19500391288013 79.09809819695757 56.636813629327555 25.274910966679986 41.53674384328036 29.734371096041354 51.43263003984415 71.05893025034635 32.00513523049116 66.77141722458089 42.99428991438484 21.29038781413106 35.01701285923093 26.641088397384966 71.0682294319999 34.91460936450835 29.86316768501197 53.26407996280703 45.01516381457275 33.395014893631156 56.05273945901198 56.00883530546614 69.82655217252339 67.79351772475918 36.48827278470178 61.37686240825825 73.72165013149808 23.324536893107982 10.418959148915212 64.60603474336456 39.39462340969527 78.47370166808916 46.27666016489536 76.87699519086712 50.48431823922655 69.86111749646027 7.7872501348458245 61.030763967922574 66.23283924900075 15.159717827132113 22.752568569292077 76.88806045537444 17.88707201009476 51.334165616757176 64.81831071591887 32.47977143486102 53.04476293498866 36.3820309302647 25.680158324113545 76.69564323427062 25.65034545500943 16.168807852483543 26.58276396544031 54.102436593945484 85.73986600626507 45.16076575795671 52.11711566947088 36.62386670992112 27.40067662224955 53.909163757262526 16.900488051978222 39.38509731311755 26.025542820626956 78.65522857465173 54.96039950333991 87.82327673838488 34.87764749623729 58.98261115629846 33.29700533377126 50.92952762311983 66.84108927487287 21.437212758357923 34.28709087655932 59.82507962888946 51.50510152887234 11.346874136149603 62.4329604144698 22.823236593832277 31.49255710511075 30.768239500489987 13.09431909130482
8.845337086575453 56.86703642924284 9.645729478227038 60.50449870449556 55.56504872123536 41.9426731112518 23.37024089606107 59.248819318094824 51.34965500599499 53.8814511096332 10.632590564726138 43.63453416829846 30.982175925601634 0 52.55767526882445 33.62702448980261 13.395335701476995 7.681688076098069 33.385042792298826 43.10548226389801 58.51255683139022 26.735817388827993 56.25706581719971 30.904419201022986 54.61357805925432 59.99125239458644 56.20179985037509 56.22040554460955 52.62408862822123 12.555394365757872 22.761416769629516 43.590280797413875 57.22438526012788 40.14367125505178 18.182305307864002 26.935626853760645 31.683929085953544 18.314746257104094 28.48438557765871 67.4975128829517 31.98010212567234 48.661391668683564 45.57451000723506 42.861593247537854 52.69737591318492 47.82139395187738 10.640929801110577 38.19253233239036 42.74996966391227 8.733902692103104 53.121450871070394 57.0894713104194 52.57737407667451 40.29426796497922 45.83893894524668 38.64335892775497 32.912350160935105 51.853179330588716 29.179891322922742 46.05500395721179 47.16544353963196 15.214297112405202 44.085326635868405 40.889840586197515 18.81031724002471 29.478934280512664 53.78008777462504 56.65670806764547 55.44419937855751 19.927421199139722 43.40471711179652 42.19772753498589 39.94275193930536 60.16097040350834 15.253576770419805 26.65156654333879 57.324928457309646 24.821995716935792 65.53492816735425 21.35866364269123 45.991942487350585 30.737153630936103 49.848851552871736 69.15247849955891 61.97292675905994 27.10337487037727 33.438271706397046 55.99619538816971 31.8578064544059 41.04118506342219 28.356242834329567 3.8418123850052326 50.71606383254454 39.414680525091576 23.322897878891126 73.16231722020206 53.734104535055 59.02594753457277 53.587540262972716 21.79669653426558
47.1718629528916 36.16809902913138 58.68708504422666 38.73870611636945 52.81080424368836 63.6707101028119 30.294485411905622 53.899604319508214 86.4306496386529 54.67656874989563 49.899800289312935 26.216254496290087 53.99898036201875 52.55767526882445 0 28.242573564534435 41.00410699865733 49.03411017302499 26.2935531084051 65.77736176374691 109.88677909690955 55.57739879938472 66.77268507121688 82.27781647250785 45.60317632286818 17.875900470944107 28.220750255064626 85.12668664243974 24.783893496264064 60.53684005532744 66.65471247721776 21.00236870061937 62.6241625607083 71.29923117064958 70.07779617680053 74.6174723026686 35.256123483312614 44.47578654410126 77.40308963280233 25.722028492461504 40.281690020790414 100.1664059740986 40.300268591097954 18.534991066152934 13.61613377476397 51.80716305178905 57.44571767948937 64.00081898404936 38.24151909313743 52.780213683106076 53.27961497832885 21.0507589817487 49.740364410819566 92.057446513516 45.198220239630764 55.60613839643652 51.53149784691652 24.929067174896854 38.84818954315947 76.60635418500374 66.37765869585216 45.128515048829804 11.184856448242098 42.71284253885731 33.75748383280483 38.94186793715751 90.33392582317157 67.61614136417666 43.04432174998435 67.3700076969064 48.23466855725755 31.43184519051642 22.184285472980267 58.73179737313955 51.58517177041818 77.53931654790304 90.49157730162759 29.97611789675101 25.01813060458833 40.15683212839474 90.52885654313073 28.246509463123477 63.72544038181445 31.00543681393183 60.930209239605716 25.495615477543506 83.53371771176921 86.86673230339382 84.36859551108225 47.94850051914443 70.38001023670058 55.41874609325547 13.773088160306202 91.5527992983306 44.698973107374044 28.191348357103386 63.331387370926194 82.3544779788658 84.40816537970325 43.846443312954065
25.47387005238955 24.337366049170047 36.03830654522998 57.25022496476339 63.56053868368065 63.10496720614473 12.763258968601487 33.7045305122021 80.42241953268639 31.506382718102376 36.76930329653907 10.028069808708612 51.12327606355402 33.62702448980261 28.242573564534435 0 20.251135468838363 27.249869249201883 2.388405076949964 37.783009438169536 85.4753762818217 27.716896316550983 72.40357533821246 64.33943793281594 58.520056503086174 43.6186964868867 22.58673729031925 82.53620616299203 19.033877520667602 37.001851453579434 54.278622582151705 34.873043960465395 70.42544398098343 43.070184598854944 51.596071377730404 60.12581284540276 7.0282497195491995 18.84395216674023 61.98679001651707 52.11037363055774 12.117964970465989 76.12965421734701 17.586613124412086 32.25011074841338 21.656775676054014 26.874955392719308 42.444207879123894 61.3108666613906 14.46539177969485 29.905268030502427 30.20552297452567 44.133333916227805 27.5972573003677 73.39531043425013 21.091182101066572 56.34122560579475 23.31837117441519 18.249014395720522 38.63036614956513 72.58083346791135 38.84492928128239 34.95271797400653 17.064135558476348 16.896735184074455 19.00195132613229 10.734328365463881 83.62029390076904 73.10440163022132 25.66580756040661 52.79847921105816 54.11702241374037 41.70127747745288 7.355075993915106 37.099935957110205 26.304022831970634 53.84085016390037 85.76789629003183 24.657947458122116 50.840387083519 34.23188322330734 78.68435556861775 29.65954977047825 37.07294151854341 56.36107504200329 39.351240611892 17.438181539829042 58.916827275743 83.27797489101131 62.821087767009615 21.355714629553773 59.388245286327226 34.99848283453732 19.716775469545247 72.16729266853467 39.77663590932341 55.768653907063474 69.06264229662504 82.610872881958 80.71978297515524 38.06230101681562
6.171855685696237 43.845013549674285 17.692684052919137 56.34513423756452 55.98029450521287 48.27056772040717 10.76962370203898 48.23206708136602 62.08914202396074 43.64620746826976 17.993417833928323 30.272318474758865 36.24734581663602 13.395335701476995 41.00410699865733 20.251135468838363 0 8.046797922986206 19.999191097440573 38.16785515151067 68.88480349756195 22.12280410649636 60.49849388052693 44.240485099654066 53.17758732727849 51.04167546443997 42.83676116694304 65.54766535759343 39.2304343399303 19.575374078540047 34.64563016521126 36.31713986150618 60.09394944946088 38.47436090252949 31.49276276289758 39.971853720700715 18.991408460794204 9.027242792253327 41.74978284381043 59.12412911820676 20.40578052531234 59.164146310340186 33.45811237387102 34.83663084417787 39.66773342414459 37.71948637980392 22.518473191118943 45.448019614386524 30.444513924687794 11.812124534638807 42.690981416173 49.16605835208505 41.52030306203259 53.49301883920285 34.544009964842935 43.00527419190389 24.941477439623853 38.46143424114015 28.359564665921326 55.351383139954336 41.37724457770471 18.387281639335388 31.595052129099106 29.461426968701065 8.741534572355283 17.568008493741306 64.95479474679757 61.05414035546186 43.14319410880448 32.71586996508483 44.503449443980905 38.08442475188919 26.584984531009187 49.9321515303188 12.559524256579202 36.53522340888359 67.77797424190695 17.9433087363741 57.336617503164014 21.15424076629 58.74648624601716 24.90337225156196 42.58895900480746 61.72393523805749 51.93603436318399 16.642465862857463 42.6082116329009 65.82542692945216 43.936354599333484 30.801774921637946 39.996198035575645 15.161562764971618 37.67080456902678 52.449362243895976 25.699911647852165 64.26441124305445 57.506875572109806 66.99299307749922 63.31148743005517 23.82697688560703
1.8880993641922694 49.74793918071396 9.652993829948908 62.06720701638978 59.481795390823784 48.286760827885765 18.81549623423694 51.57075271753083 58.957434221784155 46.21120253421294 16.561464782971722 37.1094713422818 36.78273426224894 7.681688076098069 49.03411017302499 27.249869249201883 8.046797922986206 0 27.3655216043145 36.455474637184366 60.869780077561636 19.90311067023491 61.88681031898049 37.197465991231866 57.602197243561314 58.54962908497526 49.628439624790744 63.56496297437211 46.26097393605847 11.682828109070465 30.439528118611246 43.1687597931442 62.279868412138605 34.691073232023854 24.50766581951622 34.37966407966361 24.502261868620664 10.67324618828163 35.69208319124001 66.48183876847243 24.421068532367208 51.133181035087716 38.064198168697615 41.95201913609212 47.47705517843996 40.152436673863335 18.270161042237827 44.838441130932075 35.30796149292553 4.072483415266944 45.44344115518616 56.33875142872787 44.90381701114495 46.148004140874 38.18879385099611 44.17689517045402 25.41315247754019 45.46441882967101 32.10767693513384 53.36352884220523 40.29256727626569 19.457402845322534 39.611354737362895 33.26517679449046 16.035803278401627 22.021164268104055 61.43838300003564 62.35220661108308 47.957878180405615 27.52317143523655 47.535581254011404 43.62747752461789 34.02306257327216 52.495390585910215 8.378173741769784 28.513310116010985 64.89765772968121 24.279589510950448 64.63284627007766 24.29738594611706 53.52361853898099 30.985847208879484 42.60960003111563 68.77517903187298 54.321348610159205 24.34002196205858 34.68385569603284 63.45239989943068 36.017793738095236 33.361692562159234 36.027537436199076 7.832111641100203 45.47495263428183 44.93244844031835 27.63559759424366 71.79329687344476 59.15412083121554 66.00896862952753 61.016644440760146 25.878608495715714
25.53888538847942 25.63138381094279 36.43016101869517 54.86608455260781 61.34177596125568 61.420192865017256 11.474769251348336 35.876172716504165 79.20788693023768 33.831109093732366 35.84664238203676 10.781733699896455 49.501370611259865 33.385042792298826 26.2935531084051 2.388405076949964 19.999191097440573 27.3655216043145 0 39.97929501734855 86.3776966821495 29.38955254265767 70.4211518476088 64.2334869511966 56.224593585380774 41.3671443972555 23.13162096083662 81.07578267042896 19.322501943357494 37.56701319823772 53.48086098802722 32.488485082884544 68.33875501672907 45.02042376370043 51.48365546144022 59.59298000895238 9.178806546114467 19.673683471965784 61.568138165414645 49.86571271736562 14.301952635156402 76.94976755747456 19.78105481642186 29.86210470244779 20.634555521731983 29.25116050313052 41.81291229519029 59.754175028088405 16.700707143608614 30.267568977837346 32.52142187590072 41.79413598423436 29.850430326580042 73.41942122624631 23.416627684541872 54.534989879829965 25.414978662678376 18.58059224165105 36.70323918333053 71.18126608608269 41.13505642279091 33.697563234766484 15.166257111889998 19.276656106612727 17.743634657908295 12.672655112892167 82.47446893769268 71.13135387132498 27.532116540100525 52.221481370236575 52.03809917011935 39.39919479297533 6.6607854315384305 39.37062275311993 27.14335327672127 54.53609949462823 84.4741395266057 22.736688570225905 48.569121001873484 32.60170552857045 77.9741006265275 27.50310524012233 39.43778544435577 54.0580132026067 41.627024909904556 15.388724248101772 59.79925442205694 81.89130276481251 63.20208669483593 23.739017982350568 58.493157860359304 35.00300180912062 18.652406646040575 72.28052249299814 38.16657720462126 53.615114070787925 67.06289045848433 80.96220435426237 79.33070163491521 36.48966586337997
36.512372352878984 42.51386707312986 36.15086800170412 92.48348534024866 94.09628723299743 84.73711459269911 42.59991280006711 30.028505995302513 93.1902242728259 23.100561437740282 53.00252206266952 41.02780484045695 73.19500391288013 43.10548226389801 65.77736176374691 37.783009438169536 38.16785515151067 36.455474637184366 39.97929501734855 0 64.36410144534145 16.559818542001143 98.14791589835579 62.33465702248003 90.8951747770854 81.32828169170384 48.35934904102377 99.00984112032549 47.88023731583889 34.1115897667387 64.41636916083438 70.65503609148338 98.12669230100019 10.148451894930078 52.61142456267267 65.31798592643378 30.800519129385865 29.19325927466389 65.14352554816902 89.83131502626757 25.678545134816456 57.39330606667805 29.28576631849226 68.40354888828908 56.45715569067469 19.723716063145996 53.29949376212774 81.20475542953827 29.638834325064106 34.37187020961065 23.548621164811415 81.43190772802673 26.25862353077806 67.85392568410475 24.741150557873812 80.46543610363008 14.811532296866334 47.14051300004734 66.51183091113735 88.94218569395153 4.701033449106221 55.56267518977131 54.6294026419224 24.419766376198105 45.434280864920744 27.58754099322572 95.03156510277422 98.64638026622828 35.19469433440641 60.15590220071301 82.66901851999212 74.97178927827801 43.666898801772 27.12751579840531 28.098359688926614 41.66166024773433 99.33829162518518 54.82936673489786 88.49481362741595 59.27021664082338 83.83014299506796 61.631945714629374 10.13849422690317 93.8773363863734 27.696710621550036 50.308353864602815 42.203967114450535 98.51877086408595 53.50063520916197 19.134328932151487 69.96562553006748 40.768213028036584 54.893477314721935 65.41004938534387 63.47731735372555 93.54632889833694 95.30046543539703 102.12561477269094 96.20132622335873 61.635135743090125
62.722102039743035 102.29264440665936 51.22492326775482 116.7265660509524 106.63759015521156 84.19786646605459 79.60447790172718 94.02798298467052 73.84825520307966 87.04176329942288 65.45614092300785 94.00232888006262 79.09809819695757 58.51255683139022 109.88677909690955 85.4753762818217 68.88480349756195 60.869780077561636 86.3776966821495 64.36410144534145 0 60.48522216732438 99.9688079576948 38.501519498171916 108.3166167931924 118.5037437795196 105.3610167784343 83.8057962701061 103.05882656334575 49.371401943948364 58.08857652301455 101.96043676704451 103.7378760356322 54.24684148884398 44.785971298694534 50.48847686604148 80.1190552090245 66.70588336339918 47.1735858803763 125.95225449237827 76.97341616046843 9.85318068063929 88.24692169197996 101.35260623780766 107.01147343843172 82.5062889587798 58.45372266909261 79.39930490640533 86.8832924570964 57.1135650081988 87.23865270245705 115.49793727407729 89.23218088855117 32.313313968728615 85.3053037310121 86.0656012879233 68.79080299910771 102.2214403283796 85.060247451615 77.56871224683896 68.45571789740042 71.32329673900492 100.12504197576612 82.3466323671395 76.60165825622626 76.28701334279233 72.61293341296025 99.92759298529286 96.839267283538 53.449313031701195 95.09059957153609 99.22626045844805 92.8085990470549 91.4835133269783 59.234346063384216 32.35728603737445 78.9778051680113 83.32974336458312 123.96318343801738 78.07483377788431 55.95961685061881 89.00020801627527 74.39071870256412 127.33069581781217 92.03556551546633 85.01860243714566 26.5794291460283 81.34771794298621 28.346405491668953 78.7131038846628 59.9723946092554 55.10032744011724 105.02990427285903 29.970880739379474 77.64113170454256 131.6690686791382 98.96465405257567 91.22389845069146 80.31678835343448 76.83139171984077
19.965792416939365 41.84159471511851 20.817516963412878 77.83735739330014 78.060281904215 68.18977187008251 28.43083475349674 36.729645689097495 77.51387927428804 30.249516794743986 36.45998292607938 34.491968090304496 56.636813629327555 26.735817388827993 55.57739879938472 27.716896316550983 22.12280410649636 19.90311067023491 29.38955254265767 16.559818542001143 60.48522216732438 0 81.6236837288019 49.443733719375444 75.27198573824131 69.27685623336184 45.082294648220056 82.88723235208018 43.152505159383445 19.386905973426714 48.66376604019874 56.70983426274767 81.71768708304997 16.74887864000518 38.34404402783215 50.54071028417032 21.121911667332608 13.510110049037513 50.852979706015546 77.71727234490596 16.995586578585907 51.89510859496393 27.86856827974102 54.75177922769633 48.985704897786206 24.510402649551132 37.13813918427615 64.70202462015712 26.398081325498524 18.044406711930225 29.900328363191313 68.53074131473933 30.716149255154672 56.41740835865626 25.48763917137177 63.93032105995538 8.81789829885597 42.32261099853569 50.423517651073176 72.75361116129804 20.44344196139072 39.04459236887429 44.533567413566495 21.972854018724412 30.058750967038147 17.150535779864178 79.60079947773228 82.11406924003619 36.95428837978673 44.75582103859705 66.44651977071835 59.850505051179276 34.8272731550065 36.12773889361123 11.571917445737032 31.747110615404697 83.60189545492835 39.56434793821895 76.16663940082618 42.99523211368646 69.53237283718838 46.51066039139221 23.344095750351105 81.16176519277991 37.56410998062608 36.117689268518475 34.836569582459326 82.54145407392251 42.99528225465595 19.058362016553797 54.273275988572124 24.715308357065425 47.13286094348568 54.35660502648137 47.02554587582408 82.1019263584665 78.80527138868531 85.73677271790427 80.17443220753945 45.19735816803186
